((-4 -19) (-5 -20) (-6 -21) (-10 -16) (-11 -17) (-12 -18) (-7 -19) (-8 -20)
 (-9 -21) (-1 -13) (-2 -14) (-3 -15) (-1 -16) (-2 -17) (-3 -18) (-1 -19)
 (-2 -20) (-3 -21) (-16 -19) (-17 -20) (-18 -21) (-13 -16) (-14 -17) (-15 -18)
 (-10 -13) (-11 -14) (-12 -15) (-7 -10) (-8 -11) (-9 -12) (-4 -7) (-5 -8)
 (-6 -9) (-1 -4) (-2 -5) (-3 -6) (19 20 21) (-19 -20) (-19 -21) (-20 -21)
 (16 17 18) (-16 -17) (-16 -18) (-17 -18) (13 14 15) (-13 -14) (-13 -15)
 (-14 -15) (10 11 12) (-10 -11) (-10 -12) (-11 -12) (7 8 9) (-7 -8) (-7 -9)
 (-8 -9) (4 5 6) (-4 -5) (-4 -6) (-5 -6) (1 2 3) (-1 -2) (-1 -3) (-2 -3))


((-5 -25) (-6 -26) (-7 -27) (-8 -28) (-13 -21) (-14 -22) (-15 -23) (-16 -24)
 (-9 -25) (-10 -26) (-11 -27) (-12 -28) (-1 -17) (-2 -18) (-3 -19) (-4 -20)
 (-1 -21) (-2 -22) (-3 -23) (-4 -24) (-1 -25) (-2 -26) (-3 -27) (-4 -28)
 (-21 -25) (-22 -26) (-23 -27) (-24 -28) (-17 -21) (-18 -22) (-19 -23)
 (-20 -24) (-13 -17) (-14 -18) (-15 -19) (-16 -20) (-9 -13) (-10 -14) (-11 -15)
 (-12 -16) (-5 -9) (-6 -10) (-7 -11) (-8 -12) (-1 -5) (-2 -6) (-3 -7) (-4 -8)
 (25 26 27 28) (-25 -26) (-25 -27) (-25 -28) (-26 -27) (-26 -28) (-27 -28)
 (21 22 23 24) (-21 -22) (-21 -23) (-21 -24) (-22 -23) (-22 -24) (-23 -24)
 (17 18 19 20) (-17 -18) (-17 -19) (-17 -20) (-18 -19) (-18 -20) (-19 -20)
 (13 14 15 16) (-13 -14) (-13 -15) (-13 -16) (-14 -15) (-14 -16) (-15 -16)
 (9 10 11 12) (-9 -10) (-9 -11) (-9 -12) (-10 -11) (-10 -12) (-11 -12)
 (5 6 7 8) (-5 -6) (-5 -7) (-5 -8) (-6 -7) (-6 -8) (-7 -8) (1 2 3 4) (-1 -2)
 (-1 -3) (-1 -4) (-2 -3) (-2 -4) (-3 -4))
