18	9	2
0.075867	-0.408722	0.033447	-0.105133	0.226898	-0.047485	0.241882	-0.035309	-0.166378
1	-1
0.052704	-0.700439	0.133087	-0.414124	0.322540	-0.116547	0.285583	-0.005859	-0.347195
1	-1
0.099640	-0.694794	0.203522	-0.436249	0.219696	-0.123932	0.201294	0.000641	-0.298778
1	-1
0.111054	-0.679474	0.210083	-0.627228	0.304413	-0.109375	0.234772	-0.046936	-0.342067
1	-1
0.046875	-0.633972	0.221496	-0.633972	0.233978	-0.047180	0.157074	-0.029510	-0.328625
1	-1
0.107208	-0.682648	0.169830	-0.516113	0.264221	-0.122101	0.203308	-0.021362	-0.307613
1	-1
0.013123	-0.827454	0.198578	-0.225769	0.198578	-0.122894	0.125915	-0.007294	-0.374265
1	-1
0.058655	-0.674591	0.161316	-0.185028	0.161316	-0.086212	0.117066	-0.010620	-0.364819
1	-1
0.124206	-0.838440	0.050018	-0.112274	0.027161	-0.071686	0.066803	-0.057587	-0.500000
1	-1
-0.024475	-0.054169	-0.008331	-0.048889	0.236633	-0.047974	0.318146	-0.037232	0.085993
-1	1
-0.036316	-0.798187	0.332336	-0.955414	0.404907	-0.277100	0.446136	-0.014435	-0.375412
-1	1
0.080475	-0.892822	0.265686	-0.728699	0.443482	-0.138916	0.425171	-0.083374	-0.376514
-1	1
0.077911	-0.737549	0.052002	-0.841553	0.422150	-0.165375	0.416992	-0.019470	-0.324147
-1	1
0.102539	-0.674408	0.194672	-0.802307	0.434448	-0.153168	0.368042	-0.012604	-0.266917
-1	1
0.128998	-0.879730	0.517822	-0.879730	0.517822	-0.182739	0.284790	-0.022492	-0.326604
-1	1
0.064453	-0.812958	0.398895	-0.688049	0.255402	-0.121460	0.199677	0.000092	-0.373015
-1	1
0.117279	-0.880035	0.127533	-0.535644	0.229920	-0.036560	0.170014	-0.085449	-0.449741
-1	1
0.205566	-0.479492	0.174713	-0.092896	0.069702	-0.019165	0.084869	-0.101807	-0.401946
-1	1
